NMDS1	NMDS2	Africa	America	Eurasia	Island	Grassland	Temperature	Humans	PVR1	PVR2
-0.0810981217987767	-0.799016239637565	1	0	0	0	1	1.04794499242837	0	-0.814293923980678	0.463187252709724
-0.0184602625500703	-0.567317586836067	1	0	0	0	1	0.252003651070391	0	-0.979440462268483	0.938953311335323
0.142035802312936	-1.56118648538441	0	1	0	0	1	-0.0777514857153596	0	-1.02408712424014	1.05044011379156
0.194266825002114	-1.63273240063768	0	1	0	0	1	-0.504534653586701	0	-1.02377879767105	1.049674626354
0.263965938334339	-0.170495841571779	0	0	1	0	1	-0.572555508444858	0	0.804789218632809	-0.000825133999593981
0.263965938334339	-0.170495841571779	0	0	1	0	1	-0.747961319055046	0	0.809865402738513	-0.00083780963514687
0.242329146842273	-0.175542130996932	1	0	0	0	1	1.09342201502387	0	0.820694791646733	-0.00086581871183514
0.134814355994058	-0.243390226809055	0	0	1	0	1	-0.435275640065413	0	0.787178364015754	-0.000780052525566333
0.19495139849217	-0.223090670725096	1	0	0	0	1	0.904505479378887	0	0.809381561141147	-0.000836613756697319
0.100421214012633	-0.386225089427438	0	0	0	1	1	0.157078153563701	0	0.804915557670972	-0.000825066364424226
0.13077149655276	-0.207110947575169	1	0	0	0	1	0.801870692082892	0	0.821403826812055	-0.000867627609411715
0.217094065020907	-0.238321888268395	0	0	1	0	1	-0.389549428305012	0	0.807990711837412	-0.000833116510837283
0.29186712293248	-0.180649591666838	0	0	1	0	1	0.157078153563701	0	0.821329313847699	-0.0008674270707122
0.28098057105069	-0.175243889773299	1	0	0	0	1	0.896796189589582	0	0.823094668384139	-0.000871966065001146
-0.666339184502935	-0.978623531843796	0	0	1	0	1	-0.351688249561983	0	-0.964608787650458	0.901397856999438
-0.530823275802624	-1.09025744803064	1	0	1	0	1	0.443092804746902	0	-0.926215962030657	0.811460801926349
-2.45263487793742	1.08959153900003	1	0	0	0	1	0.801870692082892	0	-0.924621863281627	0.772769930741771
-1.73451104900531	1.13340697049122	1	0	0	0	1	1.16241626505744	0	-0.958092305375093	0.870015201495022
-0.346161952688902	-0.497534449635795	0	0	1	0	1	-0.584954226831253	0	-0.828437136496184	0.483076101224056
-0.0984097137815234	-0.870448273676343	0	0	1	0	1	-0.394657806185602	0	-0.820396799585963	0.471689920560476
-0.974507467842991	-0.283534196697913	0	0	1	0	1	-0.671460245428654	0	-0.82051241303094	0.471898361440659
-0.369716114281058	-0.53141789121383	0	0	1	0	1	-0.351688249561983	0	-0.822376011134292	0.474450616925961
-0.0282152712225646	-0.68239770389694	1	0	0	0	1	1.24589463530122	0	-0.820979841722892	0.47252626456535
-0.414583843029675	-0.53445284639467	0	0	1	0	1	-0.528137539800218	0	-0.825535795835629	0.478945804817994
0.43787219068675	-0.560068068712387	0	1	0	0	1	0.680679099162743	0	-1.18985317678924	-2.75162341445171
-1.71873449869772	1.66982240067779	1	0	0	0	1	1.03875614197243	0	-1.06711833311605	1.15066015967841
-1.6866405917305	1.90822505694254	0	0	1	0	1	-0.560298516396004	0	-1.06441246488381	1.14359466809615
-1.68664059173146	1.90822505694352	0	0	1	0	1	0.157078153563701	0	-1.05619393116144	1.12216720099921
-1.67311018539467	1.73061536594545	0	0	1	0	1	-0.584954226831253	0	-1.06198965533923	1.13727048165958
-1.68664059173608	1.90822505694826	0	0	1	0	1	-0.50996697738167	0	-1.06972561708333	1.15751539609854
1.37285055676594	0.648309788828526	1	0	0	0	1	0.968827432570459	0	1.30960505890365	-0.167022545560619
1.06234113213693	0.616778334033209	1	0	0	0	1	1.07800343544526	0	1.28356413095456	-0.158857940170377
1.37285055676594	0.648309788828526	0	0	1	0	0	0.188024332980566	0	1.3203564443666	-0.170382201799387
1.37285055676594	0.648309788828527	0	0	1	0	1	1.67154087760768	0	1.32087162882973	-0.170543441681413
1.30741179705183	0.635066864936334	0	0	1	0	1	-0.00430297935907564	0	1.32253938295237	-0.171065080173821
1.06000256094101	0.733434697159816	1	0	1	0	1	0.344120579030942	0	1.28904424593895	-0.16055234306603
-0.815959002114192	1.10228837072399	1	0	0	0	1	0.814844102980853	0	-0.867748110157335	0.590888087683312
-0.70665578525507	-0.734049517803922	1	0	0	0	1	1.05433046477911	0	-0.797014051084765	0.484530410565646
-0.0396905546967406	-1.27754260390367	0	1	0	0	1	-0.761152770472301	0	-1.08577927430346	-2.17144087507552
0.356160389552288	-1.10612747792026	0	1	0	0	1	0.152265687816438	0	-1.09761873828698	-2.23455431046278
0.423212791123226	-1.18916153862621	0	1	0	0	1	-0.537287454449141	0	-1.10217159543585	-2.25711212812514
-0.343765582145374	-1.0365355480159	1	0	1	0	1	0.0562032647448588	0	0.3052177097058	0.0913657709791172
-0.370101165135938	-0.851733865646352	0	0	1	0	1	-0.747961319055046	0	0.123478158907208	0.10796857170233
-0.447344999291067	-0.877743982550461	1	0	0	0	1	1.01227979320108	0	-0.609732771609783	0.170539227093668
-0.307519002546884	-0.826177802592687	0	0	1	0	0	0.12831237933977	0	0.493030185123701	0.0674613515470771
-0.370101165135938	-0.851733865646352	0	0	1	0	1	-0.351688249561983	0	0.305774593592114	0.0917707809569428
-0.399408460837228	-0.839437818975207	0	0	1	0	1	-0.143942357643732	0	0.129012047837463	0.107254563611347
-0.370101165135938	-0.851733865646352	0	0	1	0	1	-0.34612821632	0	0.0905314354031516	0.110350166509433
-0.57789663886497	-0.763704961138203	0	0	1	0	1	-0.747961319055046	0	0.305668524895005	0.0916939467054931
-0.370101165135938	-0.851733865646352	0	0	1	0	1	-0.61980021667891	0	0.304301869786164	0.0907019067854783
-0.100356671834941	-1.33411877387726	0	1	0	0	1	-1.37601146055706	0	0.53086989846243	0.063211897730091
-0.350217659449109	-1.10061656866568	0	0	1	0	1	-0.525918198800267	0	0.550248279728616	0.0612470721524405
-0.444332803618098	-1.11884892485171	0	0	1	0	1	-0.428010218476099	0	0.407344599554822	0.0783971201506884
-0.399408460837228	-0.839437818975207	0	0	1	0	1	-0.36332226869857	0	0.273733011568238	0.0922271998624191
-0.404282214879937	-1.05941177694698	0	0	1	0	1	-0.351688249561983	0	0.409282282364985	0.0793062470365258
-0.370101165135938	-0.851733865646352	0	0	1	0	1	-0.351688249561983	0	0.44814221126514	0.0734744358594102
-0.223422809527815	-0.396749683668074	0	0	1	0	1	-0.671460245428654	0	-0.770333331773332	0.416063103866797
0.151002162174363	-1.42219607157858	0	0	1	0	1	-0.471454791945321	0	-1.02904225455716	1.06300009317314
0.170683466246357	-1.44908740346427	0	1	0	0	1	-0.0281784162217099	0	-1.02876646147956	1.06229768425458
0.300060328236166	-1.36857456152947	1	0	0	0	1	0.801870692082892	0	-1.03226871048042	1.07110639831783
0.0980591364424912	-1.19886651941199	0	0	1	0	1	-0.351688249561983	0	-1.026353443205	1.05627477985621
-2.20167075377711	0.483958968833103	1	0	0	0	1	1.24589463530122	0	-0.812253715914728	0.491358588819488
1.04878505394002	0.863758290508446	1	0	0	0	1	1.14777640161917	0	1.30041930851412	-0.164591146263601
1.08299254011512	0.669883789413162	1	0	0	0	1	0.88115956949168	0	1.37122714026224	-0.188276526902766
1.27222745085973	0.587721096377361	1	0	0	0	1	0.853951227548417	0	1.36265754537496	-0.185429208501095
0.925248582959033	0.636195851535037	1	0	0	0	1	0.716476680133888	0	1.30378919458993	-0.16576029302795
1.08299254011512	0.669883789413162	1	0	0	0	1	1.11366863467255	0	1.37122714026224	-0.188276526902765
1.02839671264375	0.73507046434162	1	0	0	0	1	1.09342201502387	0	1.33277561517099	-0.17544129815105
-0.239250630511692	1.69602367332516	0	1	0	0	1	-1.25640066140179	0	-0.943371410901603	0.729657219627053
-0.539360890058233	1.80141832356426	1	0	1	0	1	-0.0371440347174187	0	-0.941323017741354	0.725814992335086
-0.96188790502483	1.54173471109299	1	0	1	0	1	0.00546731248164183	0	-0.941900335078653	0.726892646153072
1.12192988625783	0.556943356837852	1	0	0	0	1	0.904505479378887	0	1.30495286383611	-0.165592187942978
1.30539697666393	0.821895143121385	0	1	0	0	1	-1.23975171032145	0	1.34373970939144	-0.178010266095429
1.13783525334634	0.966247957669062	0	0	0	1	1	-0.394657806185602	0	1.32783972665305	-0.172834528430467
1.21401142690682	0.947028098839172	0	0	0	1	1	-0.399439123287252	0	1.34421546994181	-0.17816272439843
1.17218857430516	0.721349911109801	0	0	1	0	1	-0.465499170904048	0	1.31992892062414	-0.170340051476736
1.20089888930885	0.872512673167317	0	0	0	1	1	-0.345692135281413	0	1.32860804789329	-0.173077079625557
1.28699654356522	0.794307984511626	1	1	1	0	1	-0.135185694645679	0	1.32152728724782	-0.170845915886114
1.20912952757134	0.674248570396191	0	1	1	0	1	-1.06550099531943	0	1.34387375089649	-0.178052647674796
1.18450236810203	0.587199497869649	0	0	1	0	1	-0.625765182313867	0	1.34241954934787	-0.177586574859794
1.12951613361097	0.607002383911984	0	0	1	0	1	-0.305588254054222	0	1.31451279508848	-0.168621317988514
0.945999231421686	0.532412806128064	1	0	0	0	1	0.739277488722861	0	1.30215710877958	-0.164730424256818
1.30539697666393	0.821895143121385	0	0	1	0	1	-0.631311198665324	0	1.3428611004436	-0.177728064559007
-0.0396905546967406	-1.27754260390367	0	1	0	0	1	-0.0724873646067032	0	-1.04511494930716	-1.94323030035101
-0.0396905546967406	-1.27754260390367	0	1	0	0	1	-0.761152770472301	0	-1.04547355386648	-1.94484408989207
-0.100356671834941	-1.33411877387726	0	1	0	0	1	0.152265687816438	0	-1.04483199761753	-1.94194501752127
-0.64275858523332	1.43198601115371	0	0	1	0	1	-0.351688249561983	0	-0.910349606269813	0.667852462965278
-0.452822722860624	1.41345946393699	0	0	1	0	1	-0.671460245428654	0	-0.910432442279536	0.668000082710291
-0.452822722860624	1.41345946393699	0	1	1	0	1	-0.85597755402484	0	-0.911252706097086	0.669459229392985
-2.11487309386108	-0.391416894911771	1	0	0	0	1	0.807165961837162	0	-0.928143496811525	0.779184490098413
-2.11487309386108	-0.391416894911771	1	0	0	0	1	0.713097052084839	0	-0.923230233578283	0.769193644276079
-2.11487309386108	-0.391416894911771	1	0	0	0	1	0.801870692082892	0	-0.92363897156837	0.770017820373213
-2.03095105017118	-0.318131194873546	1	0	0	0	1	0.801870692082892	0	-0.923409070601382	0.76955429092616
-2.39453275452371	1.54527619317039	1	0	0	0	1	0.801870692082892	0	-0.92158770088878	0.766156861256003
-2.58450581371261	1.43379047467902	1	0	0	0	1	0.925375071939833	0	-0.930603271507223	0.784990395982819
1.42643254115916	0.755016500591651	0	0	1	0	1	-0.585661301086676	0	1.38839337568619	-0.194124322055877
1.10694786145604	0.531745382584057	0	0	0	1	1	-0.394657806185602	0	1.38825910876956	-0.194078612965506
1.17778725653356	1.07580209066219	0	0	0	1	1	-0.919095092919363	0	1.38575326201163	-0.193230163896992
1.25096881371257	1.00106896117298	0	0	0	1	1	-0.345692135281413	0	1.38136070328849	-0.191741958728024
1.4264325411591	0.755016500591618	1	0	0	0	1	1.00527134793808	0	1.37189900165334	-0.188528221975107
1.12938793782752	0.803549572015277	0	0	0	1	1	-0.394657806185602	0	1.38910032075152	-0.194363577122487
1.20535391880801	0.779527740164358	0	0	0	1	1	-0.345692135281413	0	1.38891874430615	-0.1943020139894
1.42643254115915	0.755016500591647	0	0	1	0	1	-0.202984615403841	0	1.37937268898536	-0.191073163089621
1.37285055676594	0.648309788828526	0	0	1	0	1	-0.351688249561983	0	1.37397301631001	-0.189240933779332
1.42643254121173	0.755016500620209	1	0	0	0	1	0.894086257421221	0	1.36995022496331	-0.187880511542614
1.02656866378845	0.773109487997718	0	0	0	1	1	-0.394657806185602	0	1.38291475262905	-0.192265077747885
-1.43887051413826	-0.825341287886961	1	0	0	0	1	0.807165961837162	0	-0.848905399909422	0.604874998800332
-0.271570012928229	-1.12023492382837	0	0	1	0	1	-0.351688249561983	0	0.981340399010804	-0.0624817973220714
-0.261534417821888	-1.26369296261025	0	0	1	0	1	-0.351688249561983	0	0.984785328212619	-0.0630149475771589
0.00782404247883269	-1.35262480520825	0	1	0	0	1	-0.191007961165507	0	0.533560718064109	0.0639933077693611
-1.43887051413826	-0.825341287886961	1	0	0	0	1	1.16241626505744	0	-0.852516292939455	0.608759321507028
-1.43887051413827	-0.825341287886963	1	0	0	0	1	0.807165961837162	0	-0.846661170480737	0.598630732258903
0.944778975027732	-0.299854252259367	0	0	1	0	1	0.157078153563701	0	1.29152308433522	-0.161322336135141
-0.330346187668827	-1.46225544260505	0	0	1	0	1	-0.351688249561983	0	-0.959512783612189	0.889875783569191
-0.330346187668827	-1.46225544260505	0	0	1	0	1	-0.319908843874961	0	-0.966966338438596	0.906814482444068
-0.330346187668827	-1.46225544260505	0	0	1	0	1	-0.351688249561983	0	-0.967226086446404	0.907406439495558
-0.330346187668827	-1.46225544260505	0	0	1	0	1	-0.351688249561983	0	-0.969774423892752	0.913211270033038
0.892148798427036	0.574403550907141	1	0	0	0	1	1.09342201502387	0	1.08480207796544	-0.0949050767998795
-1.94339585412745	1.14912017838805	0	0	1	0	1	-0.50996697738167	0	-1.00622308670973	0.989994264232133
-1.9433958541274	1.14912017838802	1	0	0	0	1	0.846164066145079	0	-0.999768478215027	0.974645065497504
-1.94339585412738	1.14912017838801	0	0	1	0	1	0.0837698161126767	0	-1.00143015725853	0.978586850479489
-0.298141242446881	-0.544071998628314	1	0	0	0	1	0.791186706637512	0	-0.911649190083103	0.777306776313028
-0.307814608648706	-1.37287531267069	0	0	1	0	1	-0.351688249561983	0	-0.983740479548498	0.94961819849831
-0.242622660617342	-1.35519082716484	0	0	1	0	1	0.12831237933977	0	-0.984596646557605	0.952129666845814
-0.242622660617342	-1.35519082716484	1	0	0	0	1	1.24589463530122	0	-0.98642033788233	0.956041665275422
-0.242622660617342	-1.35519082716484	0	0	1	0	1	-0.351688249561983	0	-0.987847340476901	0.959392693169151
-0.0256151895693261	-1.46318553656085	0	1	0	0	1	0.398028501705784	0	-1.16767983690323	-2.62581340643611
0.00782404247883269	-1.35262480520825	0	1	0	0	1	0.0940955921335029	0	-1.15866996468187	-2.57680425875506
0.142035802312936	-1.56118648538441	0	1	0	0	1	-0.761152770472301	0	-0.928699308986737	0.815348901337727
0.121922736553118	0.309083250195692	0	0	1	0	1	-0.351688249561983	0	-0.91685651279906	0.679421723722466
0.0666798982682849	-0.184415859422627	0	0	1	0	1	1.67154087760768	0	-1.20007916498357	-2.81120614671372
-0.259337277918984	0.359433558906997	0	0	1	0	1	-0.351688249561983	0	-1.19038013678513	-2.75607925920835
-0.0613708780116003	0.0761512925137987	0	0	1	0	1	-0.351688249561983	0	-1.18758114837489	-2.74007892329148
0.203607469733747	-0.110935432744233	0	0	1	0	1	-0.351688249561983	0	-1.2024494062231	-2.82468105110884
-0.189096596868158	0.862855576252312	0	0	1	0	1	-0.351688249561983	0	-1.15794993035977	-2.57223274655162
-0.0122892941850751	0.0846158961735526	0	0	1	0	1	-0.625765182313867	0	-1.18667811161733	-2.73503616013299
0.150667251530403	-0.188139912946148	0	0	1	0	1	-0.351688249561983	0	-1.20140798835309	-2.81876570080465
0.870417481611804	-0.689078861984018	1	0	0	0	1	1.08049532709432	0	1.13757776583284	-0.111777044494852
0.838990872842343	0.657016624459716	0	0	1	0	1	-0.625765182313867	0	0.702937267342704	0.13080755807614
0.769062963503208	0.623536793280301	0	0	1	0	1	0.157078153563701	0	0.707714700689754	0.133014630099765
0.823608451001982	0.602238937244872	0	0	1	0	1	0.64229618060569	0	0.706938957003906	0.132660064098708
0.816099824028656	0.754935378509766	0	0	0	1	1	1.67154087760768	0	0.726357175756591	0.141857962214733
0.823608451001982	0.602238937244872	0	0	1	0	1	0.157078153563701	0	0.717218823743419	0.137525000415302
0.769062963503208	0.623536793280301	0	0	1	0	1	-0.351688249561983	0	0.716408801875462	0.137150045951964
0.823608451001982	0.602238937244872	0	0	1	0	0	0.157078153563701	0	0.707996748919539	0.133142962964485
0.769062963503208	0.623536793280301	1	0	0	0	1	1.08002809741012	0	0.699162441211723	0.129111711914385
0.69553586390048	0.285167399264128	0	0	0	1	1	1.35709530014089	0	0.724684970816244	0.141065946547995
0.838990872842343	0.657016624459716	0	0	1	0	1	-0.202984615403841	0	0.716532564994685	0.137207431781424
0.823608451001982	0.602238937244872	0	0	1	0	1	0.157078153563701	0	0.717648333096171	0.137724877642701
0.777729611500442	0.74725744919401	0	0	0	1	1	1.67154087760768	0	0.716925877836121	0.137402142887659
0.768163030932342	0.831787909509574	0	0	0	1	1	1.67154087760768	0	0.708337336901831	0.133298808356575
0.768163030932342	0.831787909509574	0	0	0	1	1	1.67154087760768	0	0.726664243058341	0.142003075185874
0.823608451001982	0.602238937244872	0	0	0	1	1	1.67154087760768	0	0.723351201099464	0.140437126624195
0.862166391042953	0.803240839487321	0	0	1	0	1	-0.351688249561983	0	0.699989517968263	0.1294801055605
0.489231876240483	0.183362677952304	0	0	1	0	1	-0.351688249561983	0	0.55683492951933	0.0637054216384637
0.368035773353325	0.388000629381569	0	0	1	0	1	0.717286544919835	0	0.563372260660312	0.0661847469671997
0.526963023945113	0.181350033322817	0	0	1	0	1	1.67154087760768	0	0.573053064124255	0.0694121304157238
0.333689150397327	0.385567434621975	0	0	1	0	1	1.36628415059683	0	0.558694703773634	0.0640600013096998
0.365048636447312	0.509473327014756	0	0	0	1	1	-0.625765182313867	0	0.563213694571075	0.0665306091853158
0.526963023945113	0.181350033322817	0	0	1	0	1	-0.159251916962695	0	0.564588119054676	0.0663406165651702
1.06481987047411	-0.172540284383353	0	0	0	1	1	1.67154087760768	0	1.27355321699393	-0.155620323478327
0.658146436555354	-0.316560663252631	0	1	0	0	1	-0.235924308139961	0	-1.19336815242083	-2.77141309837745
0.511160653197914	-0.222480943931952	0	1	0	0	1	-0.504534653586701	0	-1.19085872247566	-2.75732065471711
0.582383854885132	-0.338649280135691	0	1	0	0	1	0.811869407324778	0	-1.19226868956736	-2.76522921787817
0.511160653197914	-0.222480943931952	0	1	0	0	1	0.0159124916439896	0	-1.19158400773446	-2.76138775034929
0.387174778229715	-1.50356351576037	1	0	0	0	1	1.18437606021485	0	1.05619091643426	-0.0852434160420929
0.408443014810719	-1.60753724935785	1	0	1	0	1	0.486887800479274	0	1.05556010368214	-0.085120324909131
0.0699339813603915	-1.5075079588657	0	0	1	0	1	-0.351688249561983	0	0.614581698982043	0.0485378626453765
-0.297765362128601	-1.11495738502388	1	0	1	0	1	-0.106843282430044	0	0.610076836463487	0.0476768839417615
-0.297765362128601	-1.11495738502388	0	0	1	0	1	-0.159251916962695	0	0.613037832732767	0.0482430219825915
0.065648961773159	-1.43585469142198	0	1	0	0	1	-0.761152770472301	0	-0.974598525072034	0.924714274236298
0.065648961773159	-1.43585469142198	0	1	0	0	1	-0.172085158955396	0	-0.980001745202332	0.937207191516834
-0.572839407131733	1.41246009356279	1	0	0	0	1	0.807165961837162	0	-0.908901336322634	0.665140401255413
-0.535417186758729	1.40960430721439	0	0	1	0	1	-0.351688249561983	0	-0.913834700956603	0.673942005405725
-0.622430561423238	1.57221155396066	0	0	1	0	1	-0.572555508444858	0	-0.908868153907424	0.665081671675406
