NMDS1	NMDS2	Africa	America	Eurasia	Island	Grassland	Temperature	Humans	PVR1	PVR2
-0.0810981217987767	-0.799016239637565	1	0	0	0	0	1.12236718237346	0	-0.813061790049932	0.475379153954395
-0.0184602625500703	-0.567317586836067	1	0	0	0	0	0.635398486082645	0	-0.78534191185114	0.16802708639327
0.142035802312936	-1.56118648538441	0	1	0	0	1	0.033406493943281	0	-0.854976749171403	0.207889689714125
0.194266825002114	-1.63273240063768	0	1	0	0	1	-0.209193001935999	0	-0.855434921167548	0.208153149296493
0.263965938334339	-0.170495841571779	0	0	1	0	1	-0.241666330228074	0	0.716436822671421	0.0193718315712314
0.263965938334339	-0.170495841571779	0	0	1	0	1	-0.32180919967076	0	0.719249336668993	0.0195512755912491
0.242329146842273	-0.175542130996932	1	0	0	0	0	1.16818453276362	0	0.736181544544536	0.0206923958078445
0.134814355994058	-0.243390226809055	0	0	1	0	1	-0.199017200875533	0	0.710893882025934	0.0190045307744991
0.19495139849217	-0.223090670725096	1	0	0	0	0	0.991139092057948	0	0.719665500358206	0.0195794797043957
0.100421214012633	-0.386225089427438	0	0	0	1	1	0.3281372860439	0	0.71798451704626	0.01946506072832
0.13077149655276	-0.207110947575169	1	0	0	0	0	0.866134962597402	0	0.73531498787817	0.0206345532762975
0.217094065020907	-0.238321888268395	0	0	1	0	1	-0.0895504773083432	0	0.718985404739135	0.0195350456272753
0.29186712293248	-0.180649591666838	0	0	1	0	1	0.3281372860439	0	0.738063911003084	0.0208183464077179
0.28098057105069	-0.175243889773299	1	0	0	0	0	1.01560000809276	0	0.737771387765944	0.0207978606931899
-0.666339184502935	-0.978623531843796	0	0	1	0	1	-0.0662368697202906	0	-0.791314370203117	0.170888524339847
-0.530823275802624	-1.09025744803064	1	0	1	0	1	0.556912839951942	0	-0.767742546915388	0.158587639083005
-2.45263487793742	1.08959153900003	1	0	0	0	0	0.866134962597402	0	-1.08384855492543	1.40609400256574
-1.73451104900531	1.13340697049122	1	0	0	0	0	1.24347196286463	0	-1.04235562035776	1.28059504385422
-0.346161952688902	-0.497534449635795	0	0	1	0	1	-0.190318653174619	0	-0.84637971767392	0.523896037216263
-0.0984097137815234	-0.870448273676343	0	0	1	0	1	-0.307674059656776	0	-0.836769177808004	0.509833108320037
-0.974507467842991	-0.283534196697913	0	0	1	0	1	-0.20035947677076	0	-0.838852351128101	0.512927047028755
-0.369716114281058	-0.53141789121383	0	0	1	0	1	-0.0662368697202906	0	-0.838075614944563	0.511720640955685
-0.0282152712225646	-0.68239770389694	1	0	0	0	0	1.3067613961368	0	-0.840592487409999	0.515433451825297
-0.414583843029675	-0.53445284639467	0	0	1	0	1	-0.189823735805429	0	-0.845681275741527	0.522862963089047
0.43787219068675	-0.560068068712387	0	1	0	0	1	0.736613962268196	0	-1.14980196766136	-2.69887769044765
-1.71873449869772	1.66982240067779	1	0	0	0	0	1.11824287096354	0	-1.14062840937734	1.60857681068914
-1.6866405917305	1.90822505694254	0	0	1	0	1	-0.195429049948906	0	-1.14448345685248	1.62165040350796
-1.68664059173146	1.90822505694352	0	0	1	0	1	0.3281372860439	0	-1.14343628225193	1.61812784401263
-1.67311018539467	1.73061536594545	0	0	1	0	1	-0.190318653174619	0	-1.14324742570373	1.6175086972558
-1.68664059173608	1.90822505694826	0	0	1	0	1	-0.194536698934761	0	-1.15154683182993	1.64540202202554
1.37285055676594	0.648309788828526	1	0	0	0	0	1.05727804957697	0	1.39272377899293	-0.109545301099803
1.06234113213693	0.616778334033209	1	0	0	0	0	1.1728337565348	0	1.35928607301353	-0.103218131680268
1.37285055676594	0.648309788828526	0	0	1	0	0	0.35606262366304	0	1.40118678094779	-0.111130489991101
1.37285055676594	0.648309788828527	0	0	1	0	1	1.51402679135512	0	1.40420822426657	-0.111697842840068
1.30741179705183	0.635066864936334	0	0	1	0	1	0.237514916246017	0	1.40617708911603	-0.112067428214111
1.06000256094101	0.733434697159816	1	0	1	0	1	0.445667663313144	0	1.37093823460585	-0.105409052620312
-0.815959002114192	1.10228837072399	1	0	0	0	0	0.988589517731818	0	-0.833728650644272	0.534439314528083
-0.70665578525507	-0.734049517803922	1	0	0	0	0	1.18610654052671	0	-0.771116568911488	0.43844624604844
-0.0396905546967406	-1.27754260390367	0	1	0	0	1	-0.388833009455905	0	-1.01574414951131	-1.96455924172625
0.356160389552288	-1.10612747792026	0	1	0	0	1	0.196421777107217	0	-1.07417691306752	-2.28213121984878
0.423212791123226	-1.18916153862621	0	1	0	0	1	-0.33486451997015	0	-1.07705747437496	-2.2965998771225
-0.343765582145374	-1.0365355480159	1	0	1	0	1	0.261560901557163	0	0.215940066148593	0.0697346261723432
-0.370101165135938	-0.851733865646352	0	0	1	0	1	-0.32180919967076	0	0.0104035157924511	0.0733322753553423
-0.447344999291067	-0.877743982550461	1	0	0	0	0	1.08847284133197	0	-0.618433089972646	0.0810970767828893
-0.307519002546884	-0.826177802592687	0	0	1	0	0	0.327634869926692	0	0.368690726943578	0.0630226381738556
-0.370101165135938	-0.851733865646352	0	0	1	0	1	-0.0662368697202906	0	0.217114862942654	0.0706340883273446
-0.399408460837228	-0.839437818975207	0	0	1	0	1	0.0663634914825193	0	0.0730369974961192	0.0714710370625249
-0.370101165135938	-0.851733865646352	0	0	1	0	1	-0.14477125771311	0	-0.0575244570481227	0.0741261000447781
-0.57789663886497	-0.763704961138203	0	0	1	0	1	-0.32180919967076	0	0.214858117049944	0.068901985322012
-0.370101165135938	-0.851733865646352	0	0	1	0	1	-0.250023684894167	0	0.215127487802298	0.0691126438060399
-0.100356671834941	-1.33411877387726	0	1	0	0	1	-1.11504176251392	0	0.389250027933573	0.0634402658303724
-0.350217659449109	-1.10061656866568	0	0	1	0	1	-0.154309665192043	0	0.390724239274903	0.0631424223814726
-0.444332803618098	-1.11884892485171	0	0	1	0	1	-0.107607462535757	0	0.241912791680056	0.0681752804526005
-0.399408460837228	-0.839437818975207	0	0	1	0	1	-0.191398472889215	0	0.15226329115046	0.0698868787370517
-0.404282214879937	-1.05941177694698	0	0	1	0	1	-0.0662368697202906	0	0.24335208172575	0.0691412192113631
-0.370101165135938	-0.851733865646352	0	0	1	0	1	-0.0662368697202906	0	0.317167713407685	0.0653994027971535
-0.223422809527815	-0.396749683668074	0	0	1	0	1	-0.20035947677076	0	-0.791714574660871	0.461276286858819
0.151002162174363	-1.42219607157858	0	0	1	0	1	-0.236863382122526	0	-0.857070886100219	0.209103757064182
0.170683466246357	-1.44908740346427	0	1	0	0	1	0.0673233312288272	0	-0.855808379128599	0.208373421676247
0.300060328236166	-1.36857456152947	1	0	0	0	0	0.866134962597402	0	-0.860636714302255	0.211168448578415
0.0980591364424912	-1.19886651941199	0	0	1	0	1	-0.0662368697202906	0	-0.855694661720408	0.208312856202551
-2.20167075377711	0.483958968833103	1	0	0	0	0	1.3067613961368	0	-0.823859827052772	0.517725180975109
1.04878505394002	0.863758290508446	1	0	0	0	0	1.23282374067903	0	1.37603053125221	-0.106438609951674
1.08299254011512	0.669883789413162	1	0	0	0	0	0.997273067936696	0	1.40405034743441	-0.111730009754656
1.27222745085973	0.587721096377361	1	0	0	0	0	0.972204753312425	0	1.39313275847328	-0.109677947842253
0.925248582959033	0.636195851535037	1	0	0	0	0	0.887701361897254	0	1.37911309709472	-0.107040552431042
1.08299254011512	0.669883789413162	1	0	0	0	0	1.20035416176096	0	1.40405034743442	-0.111730009754655
1.02839671264375	0.73507046434162	1	0	0	0	0	1.16818453276362	0	1.38175072899008	-0.107531077360089
-0.239250630511692	1.69602367332516	0	1	0	0	1	-1.00272551469988	0	-0.953622536545962	0.751129830452418
-0.539360890058233	1.80141832356426	1	0	1	0	1	0.16616432885447	0	-0.948066688074585	0.740827229316969
-0.96188790502483	1.54173471109299	1	0	1	0	1	0.158843051206201	0	-0.94077549272762	0.727150419596134
1.12192988625783	0.556943356837852	1	0	0	0	0	0.991139092057948	0	1.40425066213336	-0.111844968819969
1.30539697666393	0.821895143121385	0	1	0	0	1	-0.988545382197788	0	1.43852189327834	-0.118473033605811
1.13783525334634	0.966247957669062	0	0	0	1	1	-0.307674059656776	0	1.43495014129489	-0.117772618610702
1.21401142690682	0.947028098839172	0	0	0	1	1	-0.210625262807442	0	1.43942619308315	-0.118648894245364
1.17218857430516	0.721349911109801	0	0	1	0	1	-0.138865993648912	0	1.42547749947029	-0.115941166629712
1.20089888930885	0.872512673167317	0	0	0	1	1	-0.244557097589024	0	1.43585056256091	-0.117946694472378
1.28699654356522	0.794307984511626	1	1	1	0	1	0.090678181930979	0	1.42653696589046	-0.116145421681704
1.20912952757134	0.674248570396191	0	1	1	0	1	-0.73838964789901	0	1.43995147051332	-0.118751065181031
1.18450236810203	0.587199497869649	0	0	1	0	1	-0.186081860544433	0	1.4385656917374	-0.118481646356769
1.12951613361097	0.607002383911984	0	0	1	0	1	-0.144321332832028	0	1.42087335872207	-0.115050038242374
0.945999231421686	0.532412806128064	1	0	0	0	0	0.905083459803046	0	1.37960957858016	-0.107101700450884
1.30539697666393	0.821895143121385	0	0	1	0	1	-0.249371293816599	0	1.43908277609921	-0.11858214572538
-0.0396905546967406	-1.27754260390367	0	1	0	0	1	0.0103028512997331	0	-0.965094137511551	-1.68444826709174
-0.0396905546967406	-1.27754260390367	0	1	0	0	1	-0.388833009455905	0	-0.97031346911146	-1.70605016117153
-0.100356671834941	-1.33411877387726	0	1	0	0	1	0.196421777107217	0	-0.970768502008389	-1.70793683694704
-0.64275858523332	1.43198601115371	0	0	1	0	1	-0.0662368697202906	0	-0.921274218932565	0.69122373369513
-0.452822722860624	1.41345946393699	0	0	1	0	1	-0.20035947677076	0	-0.919043266581936	0.687276414679711
-0.452822722860624	1.41345946393699	0	1	1	0	1	-0.531461696341493	0	-0.921819652845537	0.692188065762384
-2.11487309386108	-0.391416894911771	1	0	0	0	0	0.884731857682114	0	-1.01810245719307	1.19087245727968
-2.11487309386108	-0.391416894911771	1	0	0	0	0	0.786798208566654	0	-1.01038706229188	1.16961869975015
-2.11487309386108	-0.391416894911771	1	0	0	0	0	0.866134962597402	0	-1.01191251611944	1.17380920539899
-2.03095105017118	-0.318131194873546	1	0	0	0	0	0.866134962597402	0	-1.01209454046931	1.17431331316712
-2.39453275452371	1.54527619317039	1	0	0	0	0	0.866134962597402	0	-1.03666675703444	1.25419664252233
-2.58450581371261	1.43379047467902	1	0	0	0	0	0.944871816786708	0	-1.09288342835171	1.43400579588462
1.42643254115916	0.755016500591651	0	0	1	0	1	-0.31694251220706	0	1.45530804534903	-0.121993742279236
1.10694786145604	0.531745382584057	0	0	0	1	1	-0.307674059656776	0	1.45593407851134	-0.122117344434477
1.17778725653356	1.07580209066219	0	0	0	1	1	-0.233751401695044	0	1.45393551438565	-0.121722532059207
1.25096881371257	1.00106896117298	0	0	0	1	1	-0.244557097589024	0	1.44971614161326	-0.120889309397616
1.4264325411591	0.755016500591618	1	0	0	0	0	1.08359865512025	0	1.40097975094706	-0.111183017604195
1.12938793782752	0.803549572015277	0	0	0	1	1	-0.307674059656776	0	1.45614555930008	-0.122159136394404
1.20535391880801	0.779527740164358	0	0	0	1	1	-0.244557097589024	0	1.45614146317797	-0.122158297989699
1.42643254115915	0.755016500591647	0	0	1	0	1	0.0783089970752396	0	1.44043121380644	-0.1190577150891
1.37285055676594	0.648309788828526	0	0	1	0	1	-0.0662368697202906	0	1.4267128592857	-0.116330545647859
1.42643254121173	0.755016500620209	1	0	0	0	0	1.03047002541251	0	1.39836263096912	-0.110693065242149
1.02656866378845	0.773109487997718	0	0	0	1	1	-0.307674059656776	0	1.45183909866308	-0.121306751846596
-1.43887051413826	-0.825341287886961	1	0	0	0	0	0.884731857682114	0	-0.930380592421557	0.925048827797408
-0.271570012928229	-1.12023492382837	0	0	1	0	1	-0.0662368697202906	0	0.981632986269076	-0.0319043293998708
-0.261534417821888	-1.26369296261025	0	0	1	0	1	-0.0662368697202906	0	0.983620699361206	-0.0320567763384534
0.00782404247883269	-1.35262480520825	0	1	0	0	1	-0.0469500898179195	0	0.390608341380589	0.0639642421826923
-1.43887051413826	-0.825341287886961	1	0	0	0	0	1.24347196286463	0	-0.920440365198212	0.887673719510139
-1.43887051413827	-0.825341287886963	1	0	0	0	0	0.884731857682114	0	-0.911967912107906	0.86843320324995
0.944778975027732	-0.299854252259367	0	0	1	0	1	0.3281372860439	0	1.37962526876912	-0.107067766665129
-0.330346187668827	-1.46225544260505	0	0	1	0	1	-0.0662368697202906	0	-0.786453363410131	0.168416069853751
-0.330346187668827	-1.46225544260505	0	0	1	0	1	-0.126200608246461	0	-0.793199551135281	0.17186661842385
-0.330346187668827	-1.46225544260505	0	0	1	0	1	-0.0662368697202906	0	-0.794725212946831	0.172654369647719
-0.330346187668827	-1.46225544260505	0	0	1	0	1	-0.0662368697202906	0	-0.797136365291527	0.173893138898547
0.892148798427036	0.574403550907141	1	0	0	0	0	1.16818453276362	0	1.26851069492257	-0.0859968299947111
-1.94339585412745	1.14912017838805	0	0	1	0	1	-0.194536698934761	0	-1.06974391231923	1.36300097573437
-1.9433958541274	1.14912017838802	1	0	0	0	0	0.965373393868	0	-1.06232727652032	1.34078716112898
-1.94339585412738	1.14912017838801	0	0	1	0	1	0.287539064274289	0	-1.06613502618858	1.35217966053507
-0.298141242446881	-0.544071998628314	1	0	0	0	0	0.971192422329991	0	-0.76187891657786	0.155452336012896
-0.307814608648706	-1.37287531267069	0	0	1	0	1	-0.0662368697202906	0	-0.799965415886665	0.176301186066065
-0.242622660617342	-1.35519082716484	0	0	1	0	1	0.327634869926692	0	-0.818569216268809	0.186986383489573
-0.242622660617342	-1.35519082716484	1	0	0	0	0	1.3067613961368	0	-0.818229319533134	0.186667485236812
-0.242622660617342	-1.35519082716484	0	0	1	0	1	-0.0662368697202906	0	-0.818886371003282	0.18702065999819
-0.0256151895693261	-1.46318553656085	0	1	0	0	1	0.444555349023802	0	-1.11684448045149	-2.51471601132602
0.00782404247883269	-1.35262480520825	0	1	0	0	1	0.221917520368517	0	-1.10813701139913	-2.46852775624398
0.142035802312936	-1.56118648538441	0	1	0	0	1	-0.388833009455905	0	-0.772749869828778	0.160831347822155
0.121922736553118	0.309083250195692	0	0	1	0	1	-0.0662368697202906	0	-0.922382204832971	0.692928923266298
0.0666798982682849	-0.184415859422627	0	0	1	0	1	1.51402679135512	0	-1.15493959379476	-2.73048237707855
-0.259337277918984	0.359433558906997	0	0	1	0	1	-0.0662368697202906	0	-1.14787705053537	-2.69096761060144
-0.0613708780116003	0.0761512925137987	0	0	1	0	1	-0.0662368697202906	0	-1.14828904301426	-2.6931695589725
0.203607469733747	-0.110935432744233	0	0	1	0	1	-0.0662368697202906	0	-1.15873204679008	-2.7517070170836
-0.189096596868158	0.862855576252312	0	0	1	0	1	-0.0662368697202906	0	-1.14049058223999	-2.65004932135729
-0.0122892941850751	0.0846158961735526	0	0	1	0	1	-0.186081860544433	0	-1.14660983819323	-2.68390029382725
0.150667251530403	-0.188139912946148	0	0	1	0	1	-0.0662368697202906	0	-1.15737334987699	-2.74410864390634
0.870417481611804	-0.689078861984018	1	0	0	0	0	1.1488377628771	0	1.28620635552615	-0.0892952083764425
0.838990872842343	0.657016624459716	0	0	1	0	1	-0.186081860544433	0	0.540333749499723	0.131186112197538
0.769062963503208	0.623536793280301	0	0	1	0	1	0.3281372860439	0	0.570277973777621	0.150373355548804
0.823608451001982	0.602238937244872	0	0	1	0	1	0.504245383247314	0	0.569037371054331	0.149601602946359
0.816099824028656	0.754935378509766	0	0	0	1	1	1.51402679135512	0	0.584938380936673	0.159858862445173
0.823608451001982	0.602238937244872	0	0	1	0	1	0.3281372860439	0	0.573938685944728	0.152745415172734
0.769062963503208	0.623536793280301	0	0	1	0	1	-0.0662368697202906	0	0.577704359615464	0.155193116655239
0.823608451001982	0.602238937244872	0	0	1	0	0	0.3281372860439	0	0.570514116586377	0.150520181022435
0.769062963503208	0.623536793280301	1	0	0	0	0	1.15648648585549	0	0.562061872772516	0.145242408046686
0.69553586390048	0.285167399264128	0	0	0	1	1	1.21461678049125	0	0.583722898300382	0.159075928258618
0.838990872842343	0.657016624459716	0	0	1	0	1	0.0783089970752396	0	0.577802489864305	0.155255198280456
0.823608451001982	0.602238937244872	0	0	1	0	1	0.3281372860439	0	0.574509996869832	0.153103926639822
0.777729611500442	0.74725744919401	0	0	0	1	1	1.51402679135512	0	0.577937873320432	0.155357072964739
0.768163030932342	0.831787909509574	0	0	0	1	1	1.51402679135512	0	0.571247631551568	0.150978977472194
0.768163030932342	0.831787909509574	0	0	0	1	1	1.51402679135512	0	0.585396823235691	0.160154012832587
0.823608451001982	0.602238937244872	0	0	0	1	1	1.51402679135512	0	0.581284761415675	0.15750477826701
0.862166391042953	0.803240839487321	0	0	1	0	1	-0.0662368697202906	0	0.537461356112065	0.129543394102505
0.489231876240483	0.183362677952304	0	0	1	0	1	-0.0662368697202906	0	0.431993652284203	0.0643041483147196
0.368035773353325	0.388000629381569	0	0	1	0	1	0.584377004567974	0	0.440645445484226	0.0689380890936349
0.526963023945113	0.181350033322817	0	0	1	0	1	1.51402679135512	0	0.449554372740505	0.0728863927814736
0.333689150397327	0.385567434621975	0	0	1	0	1	1.26738547029413	0	0.430380632089467	0.0630591077934508
0.365048636447312	0.509473327014756	0	0	0	1	1	-0.186081860544433	0	0.440782524605688	0.0695384014159844
0.526963023945113	0.181350033322817	0	0	1	0	1	0.116860060635928	0	0.440458606962836	0.068245923920065
1.06481987047411	-0.172540284383353	0	0	0	1	1	1.51402679135512	0	1.31022603085414	-0.093770762573558
0.658146436555354	-0.316560663252631	0	1	0	0	1	-0.0705561485786753	0	-1.14983424379493	-2.69903817868604
0.511160653197914	-0.222480943931952	0	1	0	0	1	-0.209193001935999	0	-1.14194644902793	-2.6552471822514
0.582383854885132	-0.338649280135691	0	1	0	0	1	0.961622520109382	0	-1.15230738375962	-2.71275880994504
0.511160653197914	-0.222480943931952	0	1	0	0	1	0.164492108046449	0	-1.13999132756237	-2.64454315152721
0.387174778229715	-1.50356351576037	1	0	0	0	0	1.26064409582592	0	1.24710872694449	-0.0818810635441639
0.408443014810719	-1.60753724935785	1	0	1	0	1	0.338590540781032	0	1.24603961797281	-0.0817158239886625
0.0699339813603915	-1.5075079588657	0	0	1	0	1	-0.0662368697202906	0	0.695512893384515	0.0220209598069047
-0.297765362128601	-1.11495738502388	1	0	1	0	1	0.12126932447053	0	0.693518156269849	0.0218722595308545
-0.297765362128601	-1.11495738502388	0	0	1	0	1	0.116860060635928	0	0.691320664427341	0.0217077815983413
0.065648961773159	-1.43585469142198	0	1	0	0	1	-0.388833009455905	0	-0.803734695737953	0.177440219999647
0.065648961773159	-1.43585469142198	0	1	0	0	1	-0.0235165022615784	0	-0.807330040174273	0.179321664198061
-0.572839407131733	1.41246009356279	1	0	0	0	0	0.884731857682114	0	-0.910761021544297	0.672184251252851
-0.535417186758729	1.40960430721439	0	0	1	0	1	-0.0662368697202906	0	-0.916763814013783	0.682723654964676
-0.622430561423238	1.57221155396066	0	0	1	0	1	-0.241666330228074	0	-0.911336180010466	0.673186926993401
