Species	NMDS1	NMDS2	PVR1	PVR2	Africa	America	Eurasia	Island
Afrochoerodon_kisumuensis	-0.0810981217987767	-0.799016239637565	-0.760985526624183	0.300361988283872	1	0	0	0
Afromastodon_coppensi	-0.0184602625500703	-0.567317586836067	-0.946207861126053	0.67140703581601	1	0	0	0
Amebelodon_floridanus	0.142035802312936	-1.56118648538441	-0.994855425413836	0.765046643804534	0	1	0	0
Amebelodon_fricki	0.194266825002114	-1.63273240063768	-0.994809365839484	0.764957992910915	0	1	0	0
Anancus_arvernensis	0.263965938334339	-0.170495841571779	0.716030419207674	0.0747195314193914	0	0	1	0
Anancus_kazachstanensis	0.263965938334339	-0.170495841571779	0.720058467422263	0.0757646024944877	0	0	1	0
Anancus_kenyensis	0.242329146842273	-0.175542130996932	0.730170590644788	0.0785059062711544	1	0	0	0
Anancus_lehmanni	0.134814355994058	-0.243390226809055	0.708705982089318	0.0727535812346846	0	0	1	0
Anancus_osiris	0.19495139849217	-0.223090670725096	0.719977173622996	0.0757510689664749	1	0	0	0
Anancus_perimensis	0.100421214012633	-0.386225089427438	0.719479637136102	0.0756071060609458	0	0	0	1
Anancus_petrocchii	0.13077149655276	-0.207110947575169	0.730618705908192	0.0786254491033639	1	0	0	0
Anancus_sinensis	0.217094065020907	-0.238321888268395	0.719374183424636	0.0755911156020249	0	0	1	0
Anancus_sivalensis	0.29186712293248	-0.180649591666838	0.728534112959654	0.0780552474027866	0	0	1	0
Anancus_ultimus	0.28098057105069	-0.175243889773299	0.732259259294285	0.0790650586486912	1	0	0	0
Aphanobelodon_zhaoi	-0.666339184502935	-0.978623531843796	-0.934952936663407	0.647255154100766	0	0	1	0
Archaeobelodon_filholi	-0.530823275802624	-1.09025744803064	-0.907021914615908	0.598393090819919	1	0	1	0
Barytherium_grave	-2.45263487793742	1.08959153900003	-0.973659860126903	0.901599360643322	1	0	0	0
Chilgatherium_harrisi	-1.73451104900531	1.13340697049122	-1.01786790592258	1.07410015126985	1	0	0	0
Choerolophodon_anatolicus	-0.346161952688902	-0.497534449635795	-0.779156012983076	0.319090852286877	0	0	1	0
Choerolophodon_chioticus	-0.0984097137815234	-0.870448273676343	-0.763857569557841	0.303191441335318	0	0	1	0
Choerolophodon_corrugatus	-0.974507467842991	-0.283534196697913	-0.771684206062113	0.311498139099933	0	0	1	0
Choerolophodon_guangheensis	-0.369716114281058	-0.53141789121383	-0.766312191002065	0.305634005591787	0	0	1	0
Choerolophodon_ngorora	-0.0282152712225646	-0.68239770389694	-0.774367356588001	0.314196341527033	1	0	0	0
Choerolophodon_pentelici	-0.414583843029675	-0.53445284639467	-0.777925064089122	0.317822247511029	0	0	1	0
Cuvieronius_hyodon	0.43787219068675	-0.560068068712387	-1.21022844584212	-2.64015615116336	0	1	0	0
Deinotherium_bozasi	-1.71873449869772	1.66982240067779	-1.14070268718388	1.45782989571606	1	0	0	0
Deinotherium_giganteum	-1.6866405917305	1.90822505694254	-1.1391262801034	1.45291024991772	0	0	1	0
Deinotherium_indicum	-1.68664059173146	1.90822505694352	-1.13300246488329	1.43341501353658	0	0	1	0
Deinotherium_levius	-1.67311018539467	1.73061536594545	-1.13607228791123	1.44318397404858	0	0	1	0
Deinotherium_proavum	-1.68664059173608	1.90822505694826	-1.14619732241177	1.47550245719477	0	0	1	0
Elephas_atavus	1.37285055676594	0.648309788828526	1.31232966843372	-0.303261459480813	1	0	0	0
Elephas_ekorensis	1.06234113213693	0.616778334033209	1.24168731848865	-0.261329823297088	1	0	0	0
Elephas_hysudricus	1.37285055676594	0.648309788828526	1.31841729766988	-0.306792914046047	0	0	1	0
Elephas_hysudrindicus	1.37285055676594	0.648309788828527	1.3254594394235	-0.310914196890522	0	0	1	0
Elephas_maximus	1.30741179705183	0.635066864936334	1.3268219263066	-0.311707142061285	0	0	1	0
Elephas_planifrons	1.06000256094101	0.733434697159816	1.28091486608733	-0.284574799313387	1	0	1	0
Eozygodon_morotoensis	-0.815959002114192	1.10228837072399	-0.937932062808361	0.746953424192246	1	0	0	0
Eritreum_melakeghebrekristosi	-0.70665578525507	-0.734049517803922	-0.803573707399627	0.466848854953013	1	0	0	0
Eubelodon_morrilli	-0.0396905546967406	-1.27754260390367	-1.07068642091191	-1.88792169380954	0	1	0	0
Gnathabelodon_buckneri	0.356160389552288	-1.10612747792026	-1.10997063759684	-2.09668232582527	0	1	0	0
Gnathabelodon_thorpei	0.423212791123226	-1.18916153862621	-1.11443803445882	-2.11777870817704	0	1	0	0
Gomphotherium_angustidens	-0.343765582145374	-1.0365355480159	0.33140077865649	0.178874432734488	1	0	1	0
Gomphotherium_annectens	-0.370101165135938	-0.851733865646352	-0.12000857418155	0.177271886138968	0	0	1	0
Gomphotherium_basal	-0.447344999291067	-0.877743982550461	-0.610281109281178	0.168596030351676	1	0	0	0
Gomphotherium_browni	-0.307519002546884	-0.826177802592687	0.403608847879631	0.169659710270919	0	0	1	0
Gomphotherium_connexum	-0.370101165135938	-0.851733865646352	0.332292091302926	0.180071090906139	0	0	1	0
Gomphotherium_cooperi	-0.399408460837228	-0.839437818975207	-0.0112431691686147	0.175849656671798	0	0	1	0
Gomphotherium_hannibali	-0.370101165135938	-0.851733865646352	-0.24605387594556	0.175806879745523	0	0	1	0
Gomphotherium_inopinatum	-0.57789663886497	-0.763704961138203	0.330962637713489	0.17828594547037	0	0	1	0
Gomphotherium_mongoliense	-0.370101165135938	-0.851733865646352	0.3313446515515	0.178798875599721	0	0	1	0
Gomphotherium_productum	-0.100356671834941	-1.33411877387726	0.432028460843821	0.172254558244104	0	1	0	0
Gomphotherium_steinheimense	-0.350217659449109	-1.10061656866568	0.463398225924931	0.16854696319183	0	0	1	0
Gomphotherium_subtapiroideum	-0.444332803618098	-1.11884892485171	0.34911288240401	0.173432094791214	0	0	1	0
Gomphotherium_sylvaticum	-0.399408460837228	-0.839437818975207	0.325371261613176	0.172496291235534	0	0	1	0
Gomphotherium_tassyi	-0.404282214879937	-1.05941177694698	0.351125133954872	0.175939007764111	0	0	1	0
Gomphotherium_wimani	-0.370101165135938	-0.851733865646352	0.355747048398327	0.173694746210418	0	0	1	0
Hemimastodon_crepusculi	-0.223422809527815	-0.396749683668074	-0.850548418720047	0.562168926413804	0	0	1	0
Konobelodon_atticus	0.151002162174363	-1.42219607157858	-1.00773916311155	0.790404756614555	0	0	1	0
Konobelodon_britti	0.170683466246357	-1.44908740346427	-1.00156242114237	0.778271544628998	0	1	0	0
Konobelodon_cyrenaicus	0.300060328236166	-1.36857456152947	-1.01084142110548	0.796470863776643	1	0	0	0
Konobelodon_robustus	0.0980591364424912	-1.19886651941199	-1.00362210232977	0.782380193571541	0	0	1	0
Losodokodon_losodokius	-2.20167075377711	0.483958968833103	-0.895872436792055	0.657761754981332	1	0	0	0
Loxodonta_adaurora	1.04878505394002	0.863758290508446	1.28860840150354	-0.291849741115261	1	0	0	0
Loxodonta_africana	1.08299254011512	0.669883789413162	1.38186543985843	-0.351669801158896	1	0	0	0
Loxodonta_atlantica	1.27222745085973	0.587721096377361	1.37252380577663	-0.345778963096517	1	0	0	0
Loxodonta_cookei	0.925248582959033	0.636195851535037	1.29989309391181	-0.299232097298279	1	0	0	0
Loxodonta_cyclotis	1.08299254011512	0.669883789413162	1.38186543985843	-0.351669801158896	1	0	0	0
Loxodonta_exoptata	1.02839671264375	0.73507046434162	1.33435667246156	-0.321267815260195	1	0	0	0
Mammut_americanum	-0.239250630511692	1.69602367332516	-1.01585754228246	0.917844604089515	0	1	0	0
Mammut_borsoni	-0.539360890058233	1.80141832356426	-1.01166918591621	0.908469494381937	1	0	1	0
Mammut_obliquelophus	-0.96188790502483	1.54173471109299	-1.00619270028622	0.896067931371287	1	0	1	0
Mammuthus_africanavus	1.12192988625783	0.556943356837852	1.32569915029667	-0.311495025114622	1	0	0	0
Mammuthus_columbi	1.30539697666393	0.821895143121385	1.36380677825612	-0.334601254280651	0	1	0	0
Mammuthus_creticus	1.13783525334634	0.966247957669062	1.35139249477397	-0.326922985438808	0	0	0	1
Mammuthus_exilis	1.21401142690682	0.947028098839172	1.36504136966918	-0.335352832469292	0	0	0	1
Mammuthus_gromovi	1.17218857430516	0.721349911109801	1.33887778145245	-0.31941896762276	0	0	1	0
Mammuthus_lamarmorai	1.20089888930885	0.872512673167317	1.35242891647431	-0.32754482642264	0	0	0	1
Mammuthus_meridionalis	1.28699654356522	0.794307984511626	1.34382790962996	-0.322385464903493	1	1	1	0
Mammuthus_primigenius	1.20912952757134	0.674248570396191	1.36464324925592	-0.335109982060636	0	1	1	0
Mammuthus_protomammonteus	1.18450236810203	0.587199497869649	1.36391095789223	-0.334664272718157	0	0	1	0
Mammuthus_rumanus	1.12951613361097	0.607002383911984	1.33632222633952	-0.317861061554271	0	0	1	0
Mammuthus_subplanifrons	0.945999231421686	0.532412806128064	1.30329935229739	-0.298057916324778	1	0	0	0
Mammuthus_trogontherii	1.30539697666393	0.821895143121385	1.36399486409409	-0.334715535794844	0	0	1	0
Megabelodon_joraki	-0.0396905546967406	-1.27754260390367	-1.06350805274791	-1.84592147069358	0	1	0	0
Megabelodon_lulli	-0.0396905546967406	-1.27754260390367	-1.06750494435565	-1.86323410805709	0	1	0	0
Megabelodon_minor	-0.100356671834941	-1.33411877387726	-1.06876898012251	-1.86872685735521	0	1	0	0
Miomastodon_gobiensis	-0.64275858523332	1.43198601115371	-0.977458332018193	0.831728105213444	0	0	1	0
Miomastodon_metachinjiensis	-0.452822722860624	1.41345946393699	-0.977188424736103	0.831158380080669	0	0	1	0
Miomastodon_proavus	-0.452822722860624	1.41345946393699	-0.978390140901343	0.833701662628683	0	1	1	0
Moeritherium_andrewsi	-2.11487309386108	-0.391416894911771	-0.985459524116936	0.929175858564476	1	0	0	0
Moeritherium_chehbeurameuri	-2.11487309386108	-0.391416894911771	-0.971280435924941	0.896067754272426	1	0	0	0
Moeritherium_lyonsi	-2.11487309386108	-0.391416894911771	-0.97026929287832	0.893708743381996	1	0	0	0
Moeritherium_trigodon	-2.03095105017118	-0.318131194873546	-0.971924513185386	0.897553605464362	1	0	0	0
Numidotherium_savagei	-2.39453275452371	1.54527619317039	-0.965583720794206	0.882857390082162	1	0	0	0
Omanitherium_dhofarensis	-2.58450581371261	1.43379047467902	-0.979833374264904	0.915899573680653	1	0	0	0
Palaeoloxodon_antiquus	1.42643254115916	0.755016500591651	1.41074523747064	-0.370673486887932	0	0	1	0
Palaeoloxodon_creutzburgi	1.10694786145604	0.531745382584057	1.41165414237068	-0.371265852886341	0	0	0	1
Palaeoloxodon_cypriotes	1.17778725653356	1.07580209066219	1.40799521084407	-0.36887956575759	0	0	0	1
Palaeoloxodon_falconeri	1.25096881371257	1.00106896117298	1.40743160156986	-0.368511309579638	0	0	0	1
Palaeoloxodon_jolensis	1.4264325411591	0.755016500591618	1.39800706849686	-0.362358472244584	1	0	0	0
Palaeoloxodon_lomolinoi	1.12938793782752	0.803549572015277	1.41176238430949	-0.371336438307968	0	0	0	1
Palaeoloxodon_mnaidriensis	1.20535391880801	0.779527740164358	1.41122108700032	-0.370983382617764	0	0	0	1
Palaeoloxodon_namadicus	1.42643254115915	0.755016500591647	1.39965237526677	-0.363452276164415	0	0	1	0
Palaeoloxodon_naumanni	1.37285055676594	0.648309788828526	1.39915831045696	-0.363112916298723	0	0	1	0
Palaeoloxodon_recki	1.42643254121173	0.755016500620209	1.39624989363629	-0.361230003346372	1	0	0	0
Palaeoloxodon_tiliensis	1.02656866378845	0.773109487997718	1.40896477160872	-0.369507334725099	0	0	0	1
Palaeomastodon_beadnelli	-1.43887051413826	-0.825341287886961	-0.911400864702727	0.754314764367148	1	0	0	0
Paratetralophodon_exoletus	-0.271570012928229	-1.12023492382837	0.86510023959331	-0.0327910661503371	0	0	1	0
Paratetralophodon_hasnotensis	-0.261534417821888	-1.26369296261025	0.866884194616197	-0.0329595949236029	0	0	1	0
Pediolophodon_campester	0.00782404247883269	-1.35262480520825	0.433991648097213	0.174208180273955	0	1	0	0
Phiomia_major	-1.43887051413826	-0.825341287886961	-0.903986746355415	0.72908714646579	1	0	0	0
Phiomia_serridens	-1.43887051413827	-0.825341287886963	-0.897325511738712	0.715745970991283	1	0	0	0
Platelephas_platycephalus	0.944778975027732	-0.299854252259367	1.28579659853874	-0.287475845001188	0	0	1	0
Platybelodon_dangheensis	-0.330346187668827	-1.46225544260505	-0.931265958166685	0.640958811262502	0	0	1	0
Platybelodon_danovi	-0.330346187668827	-1.46225544260505	-0.939078163865084	0.654513612950421	0	0	1	0
Platybelodon_grangeri	-0.330346187668827	-1.46225544260505	-0.942633972472666	0.660692207155331	0	0	1	0
Platybelodon_tongxinensis	-0.330346187668827	-1.46225544260505	-0.943603699492412	0.662380494197665	0	0	1	0
Primelephas_korotorensis	0.892148798427036	0.574403550907141	1.02662877926285	-0.130468689862312	1	0	0	0
Prodeinotherium_bavaricum	-1.94339585412745	1.14912017838805	-1.08353123680536	1.27413145600835	0	0	1	0
Prodeinotherium_hobleyi	-1.9433958541274	1.14912017838802	-1.07747215664618	1.25649137222263	1	0	0	0
Prodeinotherium_pentapotamiae	-1.94339585412738	1.14912017838801	-1.07914542095788	1.26134835981248	0	0	1	0
Progomphotherium_maraisi	-0.298141242446881	-0.544071998628314	-0.847249137633835	0.489467320409607	1	0	0	0
Protanancus_brevirostris	-0.307814608648706	-1.37287531267069	-0.960868661464475	0.699493827019207	0	0	1	0
Protanancus_chinjiensis	-0.242622660617342	-1.35519082716484	-0.970978818689495	0.719203332562358	0	0	1	0
Protanancus_macinnesi	-0.242622660617342	-1.35519082716484	-0.969891606629352	0.716806881664661	1	0	0	0
Protanancus_tobieni	-0.242622660617342	-1.35519082716484	-0.971082989355145	0.71899404317112	0	0	1	0
Rhynchotherium_falconeri	-0.0256151895693261	-1.46318553656085	-1.16994435364824	-2.41835884469251	0	1	0	0
Rhynchotherium_tlascalae	0.00782404247883269	-1.35262480520825	-1.15971429258079	-2.36590328185742	0	1	0	0
Serbelodon_barbourensis	0.142035802312936	-1.56118648538441	-0.906620819385218	0.595815131454988	0	1	0	0
Sinomammut_tobieni	0.121922736553118	0.309083250195692	-0.983089645867331	0.843561228023932	0	0	1	0
Sinomastodon_bumiajuensis	0.0666798982682849	-0.184415859422627	-1.23481389496023	-2.79252280790875	0	0	1	0
Sinomastodon_huananensis	-0.259337277918984	0.359433558906997	-1.2253417852788	-2.73937829662676	0	0	1	0
Sinomastodon_intermedius	-0.0613708780116003	0.0761512925137987	-1.22075611739244	-2.71348224301215	0	0	1	0
Sinomastodon_jiangnanensis	0.203607469733747	-0.110935432744233	-1.23760471664042	-2.80823123687383	0	0	1	0
Sinomastodon_praeintermedius	-0.189096596868158	0.862855576252312	-1.21059541292828	-2.65704974328846	0	0	1	0
Sinomastodon_sendaicus	-0.0122892941850751	0.0846158961735526	-1.21963291420992	-2.70729242902115	0	0	1	0
Sinomastodon_yangziensis	0.150667251530403	-0.188139912946148	-1.23656064692921	-2.80235554114869	0	0	1	0
Stegodibelodon_schneideri	0.870417481611804	-0.689078861984018	1.18220658457391	-0.225342269584434	1	0	0	0
Stegodon_aurorae	0.838990872842343	0.657016624459716	0.62860579495196	0.477901690412422	0	0	1	0
Stegodon_bombifrons	0.769062963503208	0.623536793280301	0.647529022457511	0.516686443296207	0	0	1	0
Stegodon_elephantoides	0.823608451001982	0.602238937244872	0.648434388648533	0.518512474258296	0	0	1	0
Stegodon_florensis	0.816099824028656	0.754935378509766	0.663809527686506	0.550217330742966	0	0	0	1
Stegodon_ganesa	0.823608451001982	0.602238937244872	0.648571720370997	0.518810936239619	0	0	1	0
Stegodon_huananensis	0.769062963503208	0.623536793280301	0.657500977660246	0.537261399796817	0	0	1	0
Stegodon_insignis	0.823608451001982	0.602238937244872	0.647598631396305	0.516824444354248	0	0	1	0
Stegodon_kaisensis	0.769062963503208	0.623536793280301	0.628304191911761	0.478033640303634	1	0	0	0
Stegodon_luzonensis	0.69553586390048	0.285167399264128	0.66323943779752	0.549045662698755	0	0	0	1
Stegodon_orientalis	0.838990872842343	0.657016624459716	0.657521136535266	0.537302220435963	0	0	1	0
Stegodon_pinjorensis	0.823608451001982	0.602238937244872	0.64934932331478	0.52035851802958	0	0	1	0
Stegodon_sompoensis	0.777729611500442	0.74725744919401	0.659719800050074	0.54182019963914	0	0	0	1
Stegodon_sondaari	0.768163030932342	0.831787909509574	0.650059034904931	0.521744662046914	0	0	0	1
Stegodon_timorensis	0.768163030932342	0.831787909509574	0.662687814992903	0.547906153263733	0	0	0	1
Stegodon_trigonocephalus	0.823608451001982	0.602238937244872	0.658944997321216	0.540224434876911	0	0	0	1
Stegodon_zdanskyi	0.862166391042953	0.803240839487321	0.625097913715811	0.471292338672057	0	0	1	0
Stegolophodon_hueiheensis	0.489231876240483	0.183362677952304	0.477830668348434	0.179466219655621	0	0	1	0
Stegolophodon_latidens	0.368035773353325	0.388000629381569	0.488417962007196	0.19734458911724	0	0	1	0
Stegolophodon_lydekkeri	0.526963023945113	0.181350033322817	0.496836305853648	0.2068700546637	0	0	1	0
Stegolophodon_nasaiensis	0.333689150397327	0.385567434621975	0.479159664071337	0.179327292293027	0	0	1	0
Stegolophodon_pseudolatidens	0.365048636447312	0.509473327014756	0.486700539304586	0.196414498926906	0	0	0	1
Stegolophodon_stegodontoides	0.526963023945113	0.181350033322817	0.484415838407981	0.186420695374775	0	0	1	0
Stegoloxodon_celebensis	1.06481987047411	-0.172540284383353	1.281162334008	-0.286892659675813	0	0	0	1
Stegomastodon_aftoniae	0.658146436555354	-0.316560663252631	-1.20297522335945	-2.60050055576037	0	1	0	0
Stegomastodon_mirificus	0.511160653197914	-0.222480943931952	-1.19858211759534	-2.57693499723485	0	1	0	0
Stegomastodon_platensis	0.582383854885132	-0.338649280135691	-1.21312928540453	-2.6558913591913	0	1	0	0
Stegomastodon_primitivus	0.511160653197914	-0.222480943931952	-1.20539082339934	-2.61389185091541	0	1	0	0
Stegotetrabelodon_orbus	0.387174778229715	-1.50356351576037	0.913303050465392	-0.0588276337374822	1	0	0	0
Stegotetrabelodon_syrticus	0.408443014810719	-1.60753724935785	0.912252184659924	-0.0586597066143428	1	0	1	0
Tetralophodon_euryrostris	0.0699339813603915	-1.5075079588657	0.639980793488284	0.0938957659294729	0	0	1	0
Tetralophodon_longirostris	-0.297765362128601	-1.11495738502388	0.637899989139491	0.0931333966305098	1	0	1	0
Tetralophodon_xiaolongtanensis	-0.297765362128601	-1.11495738502388	0.638606910213026	0.093390693541478	0	0	1	0
Torynobelodon_barnumbrowni	0.065648961773159	-1.43585469142198	-0.943300638103535	0.662131999752178	0	1	0	0
Torynobelodon_loomisi	0.065648961773159	-1.43585469142198	-0.949070138594026	0.672280515483087	0	1	0	0
Zygolophodon_aegyptensis	-0.572839407131733	1.41246009356279	-0.965628292120906	0.805989687905069	1	0	0	0
Zygolophodon_chinjiensis	-0.535417186758729	1.40960430721439	-0.97338150706979	0.822246860969887	0	0	1	0
Zygolophodon_turicensis	-0.622430561423238	1.57221155396066	-0.966676078682951	0.808146432247726	0	0	1	0
